2 2
  0 1 10
    1 0 5
    

3 3
  0 2 39
    1 1 25
      2 2 43
      

8 8
  0 0 31
    0 1 13
      0 2 21
        0 3 12
	  0 5 2
	    1 0 4
	      1 1 45
	        1 2 48
		  1 3 21
		    1 6 10
		      1 7 42
		        2 4 30
			  2 7 25
			    3 0 27
			      4 0 35
			        4 3 23
				  4 4 7
				    4 6 4
				      4 7 14
				        5 1 15
					  5 3 37
					    5 4 22
					      5 5 34
					        6 2 7
						  6 4 43
						    7 0 37
						    

8 8
  0 2 37
    0 3 5
      0 5 31
        0 7 45
	  1 2 10
	    1 3 40
	      1 4 48
	        1 6 33
		  2 1 9
		    2 2 10
		      2 4 29
		        2 6 34
			  2 7 32
			    3 1 26
			      3 4 34
			        3 7 24
				  4 1 25
				    4 2 19
				      4 5 16
				        4 6 13
					  5 1 31
					    5 3 42
					      5 5 10
					        5 6 1
						  6 6 33
						    6 7 1
						      7 2 47
						        7 3 15
							  7 6 32
							    7 7 31
							    

3 3
  0 0 31
    0 1 32
      1 0 16
        2 0 31
	  2 1 31
	  

6 6
  0 0 33
    0 1 3
      0 3 34
        0 5 48
	  1 2 13
	    2 2 38
	      2 3 12
	        2 4 18
		  3 0 35
		    3 4 42
		      3 5 29
		        4 4 12
			  4 5 2
			    5 0 46
			      5 1 24
			        5 3 34
				  5 4 19
				    5 5 26
				    